 0.000000 1098.750000
 0.999901 1098.689941
 1.000000 1098.689941
 1.999901 1098.709961
 2.000000 1098.709961
 2.999901 1098.670044
 3.000000 1098.670044
 3.999901 1098.729980
 4.000000 1098.729980
 4.999901 1098.719971
 5.000000 1098.719971
 5.999901 1098.630005
 6.000000 1098.630005
 6.999901 1098.670044
 7.000000 1098.670044
 7.999901 1098.579956
 8.000000 1098.579956
 8.999901 1098.430054
 9.000000 1098.430054
 9.999901 1098.430054
 10.000000 1098.430054
 10.999901 1098.380005
 11.000000 1098.380005
 11.999901 1098.339966
 12.000000 1098.339966
 12.999901 1098.270020
 13.000000 1098.270020
 13.999901 1098.219971
 14.000000 1098.219971
 14.999901 1098.219971
 15.000000 1098.219971
 15.999901 1098.260010
 16.000000 1098.260010
 16.999901 1098.160034
 17.000000 1098.160034
 17.999901 1098.150024
 18.000000 1098.150024
 18.999901 1098.130005
 19.000000 1098.130005
 19.999901 1097.989990
 20.000000 1097.989990
 20.999901 1098.099976
 21.000000 1098.099976
 21.999901 1098.030029
 22.000000 1098.030029
 22.999901 1098.020020
 23.000000 1098.020020
 23.999901 1097.880005
 24.000000 1097.880005
 24.999901 1097.849976
 25.000000 1097.849976
 25.999901 1097.849976
 26.000000 1097.849976
 26.999901 1097.750000
 27.000000 1097.750000
 27.999901 1097.729980
 28.000000 1097.729980
 28.999901 1097.599976
 29.000000 1097.599976
 29.999901 1097.589966
 30.000000 1097.589966
 30.999901 1097.560059
 31.000000 1097.560059
 31.999901 1097.560059
 32.000000 1097.560059
 32.999901 1097.510010
 33.000000 1097.510010
 33.999901 1097.339966
 34.000000 1097.339966
 34.999901 1097.219971
 35.000000 1097.219971
 35.999901 1097.140015
 36.000000 1097.140015
 36.999901 1097.250000
 37.000000 1097.250000
 37.999901 1097.189941
 38.000000 1097.189941
 38.999901 1097.030029
 39.000000 1097.030029
 39.999901 1096.910034
 40.000000 1096.910034
 40.999901 1096.770020
 41.000000 1096.770020
 41.999901 1096.819946
 42.000000 1096.819946
 42.999901 1096.660034
 43.000000 1096.660034
 43.999901 1096.530029
 44.000000 1096.530029
 44.999901 1096.359985
 45.000000 1096.359985
 45.999901 1096.180054
 46.000000 1096.180054
 46.999901 1096.079956
 47.000000 1096.079956
 47.999901 1096.079956
 48.000000 1096.079956
 48.999901 1095.900024
 49.000000 1095.900024
 49.999901 1095.619995
 50.000000 1095.619995
 50.999901 1095.459961
 51.000000 1095.459961
 51.999901 1095.369995
 52.000000 1095.369995
 52.999901 1095.369995
 53.000000 1095.369995
 53.999901 1095.280029
 54.000000 1095.280029
 54.999901 1095.119995
 55.000000 1095.119995
 55.999901 1094.979980
 56.000000 1094.979980
 56.999901 1094.859985
 57.000000 1094.859985
 57.999901 1094.709961
 58.000000 1094.709961
 58.999901 1094.790039
 59.000000 1094.790039
 59.999901 1094.569946
 60.000000 1094.569946
 60.999901 1094.319946
 61.000000 1094.319946
 61.999901 1094.069946
 62.000000 1094.069946
 62.999901 1093.849976
 63.000000 1093.849976
 63.999901 1093.849976
 64.000000 1093.849976
 64.999901 1093.599976
 65.000000 1093.599976
 65.999901 1093.420044
 66.000000 1093.420044
 66.999901 1093.170044
 67.000000 1093.170044
 67.999901 1093.040039
 68.000000 1093.040039
 68.999901 1092.729980
 69.000000 1092.729980
 69.999901 1092.560059
 70.000000 1092.560059
 70.999901 1091.949951
 71.000000 1091.949951
 71.999901 1091.459961
 72.000000 1091.459961
 72.999901 1091.000000
 73.000000 1091.000000
 73.999901 1090.660034
 74.000000 1090.660034
 74.999901 1090.530029
 75.000000 1090.530029
 75.999901 1090.189941
 76.000000 1090.189941
 76.999901 1089.709961
 77.000000 1089.709961
 77.999901 1089.260010
 78.000000 1089.260010
 78.999901 1088.790039
 79.000000 1088.790039
 79.999901 1088.199951
 80.000000 1088.199951
 80.999901 1088.199951
 81.000000 1088.199951
 81.999901 1087.800049
 82.000000 1087.800049
 82.999901 1087.380005
 83.000000 1087.380005
 83.999901 1086.859985
 84.000000 1086.859985
 84.999901 1086.349976
 85.000000 1086.349976
 85.999901 1086.349976
 86.000000 1086.349976
 86.999901 1085.930054
 87.000000 1085.930054
 87.999901 1085.489990
 88.000000 1085.489990
 88.999901 1084.869995
 89.000000 1084.869995
 89.999901 1084.270020
 90.000000 1084.270020
 90.999901 1083.959961
 91.000000 1083.959961
 91.999901 1083.880005
 92.000000 1083.880005
 92.999901 1083.560059
 93.000000 1083.560059
 93.999901 1083.089966
 94.000000 1083.089966
 94.999901 1082.760010
 95.000000 1082.760010
 95.999901 1082.319946
 96.000000 1082.319946
 96.999901 1082.199951
 97.000000 1082.199951
 97.999901 1081.810059
 98.000000 1081.810059
 98.999901 1081.430054
 99.000000 1081.430054
 99.999901 1081.069946
 100.000000 1081.069946
 100.999901 1080.750000
 101.000000 1080.750000
 101.999901 1080.439941
 102.000000 1080.439941
 102.999901 1080.359985
 103.000000 1080.359985
 103.999901 1080.000000
 104.000000 1080.000000
 104.999901 1079.719971
 105.000000 1079.719971
 105.999901 1079.250000
 106.000000 1079.250000
 106.999901 1078.890015
 107.000000 1078.890015
 107.999901 1078.760010
 108.000000 1078.760010
 108.999901 1078.410034
 109.000000 1078.410034
 109.999901 1077.719971
 110.000000 1077.719971
 110.999901 1077.140015
 111.000000 1077.140015
 111.999901 1076.859985
 112.000000 1076.859985
 112.999901 1076.359985
 113.000000 1076.359985
 113.999901 1076.359985
 114.000000 1076.359985
 114.999901 1075.949951
 115.000000 1075.949951
 115.999901 1075.540039
 116.000000 1075.540039
 116.999901 1075.040039
 117.000000 1075.040039
 117.999901 1074.609985
 118.000000 1074.609985
 118.999901 1074.609985
 119.000000 1074.609985
 119.999901 1074.260010
 120.000000 1074.260010
 120.999901 1073.890015
 121.000000 1073.890015
 121.999901 1073.280029
 122.000000 1073.280029
 122.999901 1072.569946
 123.000000 1072.569946
 123.999901 1072.229980
 124.000000 1072.229980
 124.999901 1072.069946
 125.000000 1072.069946
 125.999901 1071.689941
 126.000000 1071.689941
 126.999901 1070.739990
 127.000000 1070.739990
 127.999901 1070.349976
 128.000000 1070.349976
 128.999901 1069.719971
 129.000000 1069.719971
 129.999901 1069.400024
 130.000000 1069.400024
 130.999901 1069.060059
 131.000000 1069.060059
 131.999901 1068.530029
 132.000000 1068.530029
 132.999901 1068.180054
 133.000000 1068.180054
 133.999901 1067.489990
 134.000000 1067.489990
 134.999901 1067.130005
 135.000000 1067.130005
 135.999901 1066.900024
 136.000000 1066.900024
 136.999901 1066.239990
 137.000000 1066.239990
 137.999901 1065.849976
 138.000000 1065.849976
 138.999901 1065.520020
 139.000000 1065.520020
 139.999901 1065.310059
 140.000000 1065.310059
 140.999901 1065.189941
 141.000000 1065.189941
 141.999901 1064.819946
 142.000000 1064.819946
 142.999901 1064.260010
 143.000000 1064.260010
 143.999901 1063.739990
 144.000000 1063.739990
 144.999901 1063.410034
 145.000000 1063.410034
 145.999901 1062.689941
 146.000000 1062.689941
 146.999901 1062.689941
 147.000000 1062.689941
 147.999901 1062.199951
 148.000000 1062.199951
 148.999901 1061.609985
 149.000000 1061.609985
 149.999901 1061.260010
 150.000000 1061.260010
 150.999901 1060.760010
 151.000000 1060.760010
 151.999901 1060.760010
 152.000000 1060.760010
 152.999901 1060.229980
 153.000000 1060.229980
 153.999901 1059.969971
 154.000000 1059.969971
 154.999901 1059.420044
 155.000000 1059.420044
 155.999901 1059.089966
 156.000000 1059.089966
 156.999901 1058.819946
 157.000000 1058.819946
 157.999901 1058.650024
 158.000000 1058.650024
 158.999901 1058.339966
 159.000000 1058.339966
 159.999901 1057.819946
 160.000000 1057.819946
 160.999901 1057.589966
 161.000000 1057.589966
 161.999901 1057.060059
 162.000000 1057.060059
 162.999901 1056.839966
 163.000000 1056.839966
 163.999901 1056.569946
 164.000000 1056.569946
 164.999901 1055.760010
 165.000000 1055.760010
 165.999901 1055.400024
 166.000000 1055.400024
 166.999901 1054.859985
 167.000000 1054.859985
 167.999901 1054.859985
 168.000000 1054.859985
 168.999901 1054.369995
 169.000000 1054.369995
 169.999901 1053.709961
 170.000000 1053.709961
 170.999901 1053.430054
 171.000000 1053.430054
 171.999901 1052.770020
 172.000000 1052.770020
 172.999901 1052.329956
 173.000000 1052.329956
 173.999901 1052.069946
 174.000000 1052.069946
 174.999901 1051.699951
 175.000000 1051.699951
 175.999901 1051.290039
 176.000000 1051.290039
 176.999901 1050.420044
 177.000000 1050.420044
 177.999901 1049.670044
 178.000000 1049.670044
 178.999901 1049.170044
 179.000000 1049.170044
 179.999901 1048.420044
 180.000000 1048.420044
 180.999901 1047.219971
 181.000000 1047.219971
 181.999901 1045.520020
 182.000000 1045.520020
 182.999901 1045.000000
 183.000000 1045.000000
 183.999901 1044.550049
 184.000000 1044.550049
 184.999901 1044.550049
 185.000000 1044.550049
 185.999901 1044.869995
 186.000000 1044.869995
 186.999901 1044.939941
 187.000000 1044.939941
 187.999901 1045.079956
 188.000000 1045.079956
 188.999901 1045.209961
 189.000000 1045.209961
 189.999901 1045.209961
 190.000000 1045.209961
 190.999901 1045.300049
 191.000000 1045.300049
 191.999901 1045.280029
 192.000000 1045.280029
 192.999901 1045.359985
 193.000000 1045.359985
 193.999901 1045.329956
 194.000000 1045.329956
 194.999901 1045.290039
 195.000000 1045.290039
 195.999901 1045.160034
 196.000000 1045.160034
 196.999901 1044.800049
 197.000000 1044.800049
 197.999901 1043.839966
 198.000000 1043.839966
 198.999901 1043.270020
 199.000000 1043.270020
 199.999901 1042.260010
 200.000000 1042.260010
 200.999901 1042.260010
 201.000000 1042.260010
 201.999901 1040.719971
 202.000000 1040.719971
 202.999901 1039.739990
 203.000000 1039.739990
 203.999901 1039.219971
 204.000000 1039.219971
 204.999901 1038.369995
 205.000000 1038.369995
 205.999901 1038.229980
 206.000000 1038.229980
 206.999901 1038.119995
 207.000000 1038.119995
 207.999901 1037.849976
 208.000000 1037.849976
 208.999901 1037.750000
 209.000000 1037.750000
 209.999901 1037.729980
 210.000000 1037.729980
 210.999901 1037.849976
 211.000000 1037.849976
 211.999901 1037.849976
 212.000000 1037.849976
 212.999901 1037.770020
 213.000000 1037.770020
 213.999901 1037.609985
 214.000000 1037.609985
 214.999901 1037.510010
 215.000000 1037.510010
 215.999901 1037.459961
 216.000000 1037.459961
 216.999901 1037.500000
 217.000000 1037.500000
 217.999901 1037.500000
 218.000000 1037.500000
 218.999901 1037.410034
 219.000000 1037.410034
 219.999901 1037.390015
 220.000000 1037.390015
 220.999901 1037.430054
 221.000000 1037.430054
 221.999901 1037.109985
 222.000000 1037.109985
 222.999901 1037.109985
 223.000000 1037.109985
 223.999901 1037.270020
 224.000000 1037.270020
 224.999901 1037.239990
 225.000000 1037.239990
 225.999901 1037.300049
 226.000000 1037.300049
 226.999901 1037.459961
 227.000000 1037.459961
 227.999901 1037.540039
 228.000000 1037.540039
 228.999901 1037.579956
 229.000000 1037.579956
 229.999901 1037.619995
 230.000000 1037.619995
 230.999901 1037.619995
 231.000000 1037.619995
 231.999901 1037.589966
 232.000000 1037.589966
 232.999901 1037.609985
 233.000000 1037.609985
 233.999901 1037.609985
 234.000000 1037.609985
 234.999901 1037.670044
 235.000000 1037.670044
 235.999901 1038.109985
 236.000000 1038.109985
 236.999901 1038.300049
 237.000000 1038.300049
 237.999901 1038.800049
 238.000000 1038.800049
 238.999901 1038.359985
 239.000000 1038.359985
 239.999901 1037.969971
 240.000000 1037.969971
 240.999901 1037.199951
 241.000000 1037.199951
 241.999901 1036.890015
 242.000000 1036.890015
 242.999901 1036.709961
 243.000000 1036.709961
 243.999901 1036.469971
 244.000000 1036.469971
 244.999901 1036.369995
 245.000000 1036.369995
 245.999901 1036.349976
 246.000000 1036.349976
 246.999901 1036.349976
 247.000000 1036.349976
 247.999901 1036.369995
 248.000000 1036.369995
 248.999901 1036.339966
 249.000000 1036.339966
 249.999901 1036.339966
 250.000000 1036.339966
 250.999901 1036.339966
 251.000000 1036.339966
 251.999901 1036.380005
 252.000000 1036.380005
 252.999901 1036.400024
 253.000000 1036.400024
 253.999901 1036.390015
 254.000000 1036.390015
 254.999901 1036.420044
 255.000000 1036.420044
 255.999901 1036.420044
 256.000000 1036.420044
 256.999901 1036.430054
 257.000000 1036.430054
 257.999901 1036.439941
 258.000000 1036.439941
 258.999901 1036.410034
 259.000000 1036.410034
 259.999901 1036.410034
 260.000000 1036.410034
 260.999901 1036.459961
 261.000000 1036.459961
 261.999901 1036.520020
 262.000000 1036.520020
 262.999901 1036.609985
 263.000000 1036.609985
 263.999901 1036.650024
 264.000000 1036.650024
 264.999901 1036.599976
 265.000000 1036.599976
 265.999901 1036.589966
 266.000000 1036.589966
 266.999901 1036.589966
 267.000000 1036.589966
 267.999901 1036.619995
 268.000000 1036.619995
 268.999901 1036.699951
 269.000000 1036.699951
 269.999901 1036.750000
 270.000000 1036.750000
 270.999901 1036.869995
 271.000000 1036.869995
 271.999901 1036.979980
 272.000000 1036.979980
 272.999901 1036.939941
 273.000000 1036.939941
 273.999901 1037.349976
 274.000000 1037.349976
 274.999901 1037.390015
 275.000000 1037.390015
 275.999901 1037.979980
 276.000000 1037.979980
 276.999901 1038.079956
 277.000000 1038.079956
 277.999901 1038.500000
 278.000000 1038.500000
 278.999901 1038.579956
 279.000000 1038.579956
 279.999901 1038.849976
 280.000000 1038.849976
 280.999901 1038.420044
 281.000000 1038.420044
 281.999901 1037.910034
 282.000000 1037.910034
 282.999901 1037.829956
 283.000000 1037.829956
 283.999901 1037.839966
 284.000000 1037.839966
 284.999901 1037.699951
 285.000000 1037.699951
 285.999901 1037.609985
 286.000000 1037.609985
 286.999901 1037.500000
 287.000000 1037.500000
 287.999901 1037.150024
 288.000000 1037.150024
 288.999901 1037.150024
 289.000000 1037.150024
 289.999901 1037.060059
 290.000000 1037.060059
 290.999901 1037.099976
 291.000000 1037.099976
 291.999901 1037.160034
 292.000000 1037.160034
 292.999901 1037.189941
 293.000000 1037.189941
 293.999901 1037.270020
 294.000000 1037.270020
 294.999901 1037.369995
 295.000000 1037.369995
 295.999901 1037.520020
 296.000000 1037.520020
 296.999901 1038.329956
 297.000000 1038.329956
 297.999901 1038.780029
 298.000000 1038.780029
 298.999901 1039.300049
 299.000000 1039.300049
 299.999901 1039.510010
 300.000000 1039.510010
 300.999901 1039.760010
 301.000000 1039.760010
 301.999901 1039.969971
 302.000000 1039.969971
 302.999901 1040.189941
 303.000000 1040.189941
 303.999901 1041.050049
 304.000000 1041.050049
 304.999901 1041.050049
 305.000000 1041.050049
 305.999901 1041.709961
 306.000000 1041.709961
 306.999901 1042.739990
 307.000000 1042.739990
 307.999901 1043.589966
 308.000000 1043.589966
 308.999901 1044.540039
 309.000000 1044.540039
 309.999901 1045.270020
 310.000000 1045.270020
 310.999901 1045.380005
 311.000000 1045.380005
 311.999901 1046.089966
 312.000000 1046.089966
 312.999901 1047.339966
 313.000000 1047.339966
 313.999901 1048.229980
 314.000000 1048.229980
 314.999901 1048.959961
 315.000000 1048.959961
 315.999901 1049.410034
 316.000000 1049.410034
 316.999901 1050.250000
 317.000000 1050.250000
 317.999901 1051.109985
 318.000000 1051.109985
 318.999901 1051.869995
 319.000000 1051.869995
 319.999901 1052.790039
 320.000000 1052.790039
 320.999901 1053.790039
 321.000000 1053.790039
 321.999901 1053.790039
 322.000000 1053.790039
 322.999901 1054.500000
 323.000000 1054.500000
 323.999901 1055.250000
 324.000000 1055.250000
 324.999901 1055.969971
 325.000000 1055.969971
 325.999901 1056.920044
 326.000000 1056.920044
 326.999901 1056.920044
 327.000000 1056.920044
 327.999901 1058.010010
 328.000000 1058.010010
 328.999901 1058.680054
 329.000000 1058.680054
 329.999901 1059.489990
 330.000000 1059.489990
 330.999901 1060.209961
 331.000000 1060.209961
 331.999901 1061.390015
 332.000000 1061.390015
 332.999901 1061.770020
 333.000000 1061.770020
 333.999901 1062.390015
 334.000000 1062.390015
 334.999901 1063.189941
 335.000000 1063.189941
 335.999901 1063.829956
 336.000000 1063.829956
 336.999901 1064.780029
 337.000000 1064.780029
 337.999901 1064.780029
 338.000000 1064.780029
 338.999901 1065.890015
 339.000000 1065.890015
 339.999901 1066.619995
 340.000000 1066.619995
 340.999901 1067.130005
 341.000000 1067.130005
 341.999901 1067.719971
 342.000000 1067.719971
 342.999901 1068.390015
 343.000000 1068.390015
 343.999901 1068.589966
 344.000000 1068.589966
 344.999901 1069.140015
 345.000000 1069.140015
 345.999901 1070.209961
 346.000000 1070.209961
 346.999901 1071.040039
 347.000000 1071.040039
 347.999901 1071.500000
 348.000000 1071.500000
 348.999901 1071.650024
 349.000000 1071.650024
 349.999901 1072.319946
 350.000000 1072.319946
 350.999901 1073.719971
 351.000000 1073.719971
 351.999901 1074.410034
 352.000000 1074.410034
 352.999901 1075.280029
 353.000000 1075.280029
 353.999901 1076.380005
 354.000000 1076.380005
 354.999901 1076.380005
 355.000000 1076.380005
 355.999901 1077.780029
 356.000000 1077.780029
 356.999901 1078.229980
 357.000000 1078.229980
 357.999901 1079.180054
 358.000000 1079.180054
 358.999901 1080.040039
 359.000000 1080.040039
 359.999901 1080.040039
 360.000000 1080.040039
 360.999901 1080.709961
 361.000000 1080.709961
 361.999901 1081.339966
 362.000000 1081.339966
 362.999901 1082.189941
 363.000000 1082.189941
 363.999901 1082.630005
 364.000000 1082.630005
 364.999901 1083.290039
 365.000000 1083.290039
 365.999901 1083.500000
 366.000000 1083.500000
 366.999901 1083.900024
 367.000000 1083.900024
 367.999901 1084.900024
 368.000000 1084.900024
 368.999901 1085.300049
 369.000000 1085.300049
 369.999901 1085.979980
 370.000000 1085.979980
 370.999901 1085.979980
 371.000000 1085.979980
 371.999901 1086.699951
 372.000000 1086.699951
 372.999901 1087.160034
 373.000000 1087.160034
 373.999901 1087.469971
 374.000000 1087.469971
 374.999901 1087.869995
 375.000000 1087.869995
 375.999901 1088.260010
 376.000000 1088.260010
 376.999901 1088.430054
 377.000000 1088.430054
 377.999901 1088.939941
 378.000000 1088.939941
 378.999901 1089.319946
 379.000000 1089.319946
 379.999901 1089.959961
 380.000000 1089.959961
 380.999901 1090.439941
 381.000000 1090.439941
 381.999901 1090.589966
 382.000000 1090.589966
 382.999901 1091.109985
 383.000000 1091.109985
 383.999901 1091.689941
 384.000000 1091.689941
 384.999901 1092.010010
 385.000000 1092.010010
 385.999901 1092.530029
 386.000000 1092.530029
 386.999901 1093.359985
 387.000000 1093.359985
 387.999901 1093.359985
 388.000000 1093.359985
 388.999901 1093.920044
 389.000000 1093.920044
 389.999901 1094.250000
 390.000000 1094.250000
 390.999901 1094.750000
 391.000000 1094.750000
 391.999901 1095.369995
 392.000000 1095.369995
 392.999901 1095.369995
 393.000000 1095.369995
 393.999901 1095.849976
 394.000000 1095.849976
 394.999901 1096.150024
 395.000000 1096.150024
 395.999901 1096.719971
 396.000000 1096.719971
 396.999901 1097.089966
 397.000000 1097.089966
 397.999901 1097.089966
 398.000000 1097.089966
 398.999901 1097.359985
 399.000000 1097.359985
 399.999901 1097.630005
 400.000000 1097.630005
 400.999901 1098.050049
 401.000000 1098.050049
 401.999901 1098.319946
 402.000000 1098.319946
 402.999901 1098.839966
 403.000000 1098.839966
 403.999901 1098.839966
 404.000000 1098.839966
 404.999901 1099.209961
 405.000000 1099.209961
 405.999901 1100.099976
 406.000000 1100.099976
 406.999901 1100.410034
 407.000000 1100.410034
 407.999901 1101.069946
 408.000000 1101.069946
 408.999901 1101.069946
 409.000000 1101.069946
 409.999901 1101.650024
 410.000000 1101.650024
 410.999901 1102.040039
 411.000000 1102.040039
 411.999901 1102.469971
 412.000000 1102.469971
 412.999901 1103.180054
 413.000000 1103.180054
 413.999901 1103.780029
 414.000000 1103.780029
 414.999901 1103.849976
 415.000000 1103.849976
 415.999901 1104.030029
 416.000000 1104.030029
 416.999901 1104.180054
 417.000000 1104.180054
 417.999901 1104.150024
 418.000000 1104.150024
 418.999901 1104.209961
 419.000000 1104.209961
 419.999901 1104.290039
 420.000000 1104.290039
 420.999901 1104.780029
 421.000000 1104.780029
 421.999901 1105.579956
 422.000000 1105.579956
 422.999901 1105.750000
 423.000000 1105.750000
 423.999901 1106.170044
 424.000000 1106.170044
 424.999901 1106.540039
 425.000000 1106.540039
 425.999901 1106.540039
 426.000000 1106.540039
 426.999901 1106.859985
 427.000000 1106.859985
 427.999901 1107.089966
 428.000000 1107.089966
 428.999901 1107.349976
 429.000000 1107.349976
 429.999901 1107.540039
 430.000000 1107.540039
 430.999901 1107.640015
 431.000000 1107.640015
 431.999901 1107.989990
 432.000000 1107.989990
 432.999901 1108.119995
 433.000000 1108.119995
 433.999901 1108.290039
 434.000000 1108.290039
 434.999901 1108.530029
 435.000000 1108.530029
 435.999901 1109.020020
 436.000000 1109.020020
 436.999901 1109.020020
 437.000000 1109.020020
 437.999901 1109.589966
 438.000000 1109.589966
 438.999901 1109.969971
 439.000000 1109.969971
 439.999901 1110.099976
 440.000000 1110.099976
 440.999901 1110.400024
 441.000000 1110.400024
 441.999901 1110.400024
 442.000000 1110.400024
 442.999901 1110.680054
 443.000000 1110.680054
 443.999901 1110.800049
 444.000000 1110.800049
 444.999901 1111.099976
 445.000000 1111.099976
 445.999901 1111.449951
 446.000000 1111.449951
 446.999901 1111.660034
 447.000000 1111.660034
 447.999901 1111.780029
 448.000000 1111.780029
 448.999901 1111.920044
 449.000000 1111.920044
 449.999901 1112.119995
 450.000000 1112.119995
 450.999901 1112.310059
 451.000000 1112.310059
 451.999901 1112.339966
 452.000000 1112.339966
 452.999901 1112.339966
 453.000000 1112.339966
 453.999901 1112.530029
 454.000000 1112.530029
 454.999901 1112.739990
 455.000000 1112.739990
 455.999901 1112.880005
 456.000000 1112.880005
 456.999901 1113.079956
 457.000000 1113.079956
 457.999901 1113.250000
 458.000000 1113.250000
 458.999901 1113.250000
 459.000000 1113.250000
 459.999901 1113.500000
 460.000000 1113.500000
 460.999901 1113.660034
 461.000000 1113.660034
 461.999901 1113.819946
 462.000000 1113.819946
 462.999901 1113.920044
 463.000000 1113.920044
 463.999901 1113.939941
 464.000000 1113.939941
 464.999901 1114.109985
 465.000000 1114.109985
 465.999901 1114.219971
 466.000000 1114.219971
 466.999901 1114.420044
 467.000000 1114.420044
 467.999901 1114.550049
 468.000000 1114.550049
 468.999901 1114.729980
 469.000000 1114.729980
 469.999901 1114.729980
 470.000000 1114.729980
 470.999901 1114.930054
 471.000000 1114.930054
 471.999901 1114.989990
 472.000000 1114.989990
 472.999901 1115.060059
 473.000000 1115.060059
 473.999901 1115.219971
 474.000000 1115.219971
 474.999901 1115.219971
 475.000000 1115.219971
 475.999901 1115.420044
 476.000000 1115.420044
 476.999901 1115.599976
 477.000000 1115.599976
 477.999901 1115.699951
 478.000000 1115.699951
 478.999901 1115.890015
 479.000000 1115.890015
 479.999901 1115.969971
 480.000000 1115.969971
 480.999901 1115.959961
 481.000000 1115.959961
 481.999901 1116.069946
 482.000000 1116.069946
 482.999901 1116.239990
 483.000000 1116.239990
 483.999901 1116.369995
 484.000000 1116.369995
 484.999901 1116.380005
 485.000000 1116.380005
 485.999901 1116.439941
 486.000000 1116.439941
 486.999901 1116.510010
 487.000000 1116.510010
 487.999901 1116.689941
 488.000000 1116.689941
 488.999901 1116.709961
 489.000000 1116.709961
 489.999901 1116.979980
 490.000000 1116.979980
 490.999901 1117.030029
 491.000000 1117.030029
 491.999901 1117.030029
 492.000000 1117.030029
 492.999901 1117.209961
 493.000000 1117.209961
 493.999901 1117.319946
 494.000000 1117.319946
 494.999901 1117.500000
 495.000000 1117.500000
 495.999901 1117.560059
 496.000000 1117.560059
 496.999901 1117.599976
 497.000000 1117.599976
 497.999901 1117.920044
 498.000000 1117.920044
 498.999901 1118.030029
 499.000000 1118.030029
 499.999901 1118.229980
