 0.000000 1035.900024
 0.999901 1035.900024
 1.999802 1035.900024
 2.999703 1035.900024
 3.999604 1035.910034
 4.999505 1035.890015
 5.999406 1035.900024
 6.999307 1035.900024
 7.999208 1035.900024
 8.126785 1035.900024
 9.126686 1035.900024
 10.126587 1035.900024
 11.126488 1035.900024
 12.126389 1035.900024
 13.126290 1035.910034
 14.126191 1035.900024
 15.126092 1035.900024
 16.125993 1035.910034
 17.125894 1035.930054
 18.125795 1035.910034
 19.125696 1035.910034
 20.125597 1035.910034
 21.125498 1035.910034
 22.125399 1035.900024
 23.125300 1035.890015
 24.125201 1035.900024
 25.125102 1035.910034
 26.125003 1035.920044
 27.124904 1035.910034
 28.124805 1035.910034
 28.995942 1035.900024
 29.995843 1035.900024
 30.995744 1035.900024
 31.995645 1035.900024
 32.995546 1035.890015
 33.995447 1035.900024
 34.995348 1035.900024
 35.995249 1035.900024
 36.995150 1035.910034
 37.995050 1035.920044
 38.994951 1035.920044
 39.994852 1035.920044
 40.994753 1035.920044
 41.994654 1035.930054
 42.994555 1035.930054
 43.994456 1035.939941
 44.994357 1035.959961
 45.994258 1035.959961
 46.994159 1035.979980
 47.994060 1035.969971
 48.993961 1035.959961
 49.970317 1036.130005
 50.970218 1036.119995
 51.970119 1036.069946
 52.970020 1036.000000
 53.969921 1035.969971
 54.969822 1036.020020
 55.969723 1036.130005
 56.969624 1036.089966
 57.969524 1036.069946
 58.969425 1036.050049
 59.969326 1036.020020
 60.969227 1036.020020
 61.969128 1036.000000
 62.969029 1035.959961
 63.968930 1035.920044
 64.968831 1035.939941
 65.968732 1035.959961
 66.968633 1035.969971
 67.968534 1035.949951
 68.968435 1035.910034
 69.968336 1035.910034
 70.799687 1035.939941
 71.799588 1035.910034
 72.799489 1035.910034
 73.799390 1035.920044
 74.799291 1035.930054
 75.799192 1035.920044
 76.799093 1035.910034
 77.798994 1035.920044
 78.798895 1035.930054
 79.798796 1035.939941
 80.798697 1035.939941
 81.798598 1035.930054
 82.798499 1035.930054
 83.798400 1035.930054
 84.798301 1035.930054
 85.798202 1035.939941
 86.798103 1035.939941
 87.798004 1035.939941
 88.797905 1035.959961
 89.797806 1035.949951
 90.797707 1035.949951
 91.636284 1035.949951
 92.636185 1035.949951
 93.636086 1035.969971
 94.635987 1035.969971
 95.635888 1035.969971
 96.635789 1035.959961
 97.635690 1035.969971
 98.635591 1035.959961
 99.635492 1035.959961
 100.635393 1035.949951
 101.635294 1035.949951
 102.635195 1035.969971
 103.635096 1035.969971
 104.634997 1035.959961
 105.634898 1035.969971
 106.634799 1035.979980
 107.634700 1035.949951
 108.634601 1035.979980
 109.634502 1035.969971
 110.634403 1035.969971
 111.634304 1035.969971
 112.357390 1035.959961
 113.357291 1035.989990
 114.357192 1035.959961
 115.357093 1035.959961
 116.356994 1035.959961
 117.356895 1035.969971
 118.356796 1035.969971
 119.356697 1035.979980
 120.356598 1035.979980
 121.356499 1035.989990
 122.356400 1035.989990
 123.356301 1036.000000
 124.356202 1036.000000
 125.356103 1036.000000
 126.356004 1036.010010
 127.355905 1036.010010
 128.355806 1036.020020
 129.355707 1036.020020
 130.355608 1036.020020
 131.355509 1036.050049
 132.355410 1036.030029
 132.710767 1036.000000
 133.710668 1036.069946
 134.710569 1036.069946
 135.710470 1036.060059
 136.710371 1036.069946
 137.710272 1036.089966
 138.710173 1036.089966
 139.710074 1036.079956
 140.709975 1036.079956
 141.709876 1036.079956
 142.709777 1036.089966
 143.709678 1036.079956
 144.709579 1036.099976
 145.709480 1036.099976
 146.709381 1036.089966
 147.709282 1036.079956
 148.709183 1036.089966
 149.709084 1036.079956
 150.708985 1036.109985
 151.708886 1036.089966
 152.708787 1036.089966
 153.681147 1036.089966
 154.681048 1036.089966
 155.680949 1036.089966
 156.680850 1036.109985
 157.680751 1036.119995
 158.680652 1036.109985
 159.680553 1036.109985
 160.680454 1036.140015
 161.680355 1036.150024
 162.680256 1036.130005
 163.680157 1036.140015
 164.680058 1036.160034
 165.679959 1036.160034
 166.679860 1036.160034
 167.679761 1036.119995
 168.679662 1036.160034
 169.679563 1036.160034
 170.679464 1036.150024
 171.679365 1036.150024
 172.679266 1036.150024
 173.679167 1036.140015
 174.537908 1036.170044
 175.537809 1036.160034
 176.537710 1036.160034
 177.537611 1036.189941
 178.537512 1036.209961
 179.537413 1036.219971
 180.537314 1036.250000
 181.537215 1036.270020
 182.537116 1036.290039
 183.537017 1036.290039
 184.536918 1036.290039
 185.536819 1036.290039
 186.536720 1036.310059
 187.536621 1036.319946
 188.536522 1036.339966
 189.536423 1036.359985
 190.536324 1036.369995
 191.536225 1036.369995
 192.536126 1036.380005
 193.536027 1036.390015
 194.535928 1036.420044
 195.368388 1036.390015
 196.368289 1036.449951
 197.368190 1036.439941
 198.368091 1036.449951
 199.367992 1036.469971
 200.367893 1036.479980
 201.367794 1036.459961
 202.367695 1036.459961
 203.367596 1036.469971
 204.367497 1036.469971
 205.367398 1036.479980
 206.367299 1036.479980
 207.367200 1036.510010
 208.367101 1036.510010
 209.367002 1036.520020
 210.366903 1036.510010
 211.366804 1036.510010
 212.366705 1036.510010
 213.366606 1036.510010
 214.366507 1036.530029
 215.366408 1036.530029
 215.935653 1036.530029
 216.935554 1036.540039
 217.935455 1036.530029
 218.935356 1036.530029
 219.935257 1036.540039
 220.935158 1036.550049
 221.935059 1036.540039
 222.934960 1036.560059
 223.934861 1036.550049
 224.934762 1036.550049
 225.934663 1036.569946
 226.934564 1036.560059
 227.934465 1036.569946
 228.934366 1036.560059
 229.934267 1036.569946
 230.374361 1036.569946
 231.374262 1036.589966
 232.374163 1036.569946
 233.374064 1036.569946
 234.373965 1036.579956
 235.373866 1036.599976
 236.373767 1036.599976
 237.373668 1036.609985
 238.373569 1036.599976
 239.373470 1036.619995
 240.373371 1036.609985
 241.373272 1036.630005
 242.373173 1036.640015
 243.373074 1036.660034
 244.372975 1036.650024
 245.372876 1036.660034
 246.372777 1036.670044
 247.372678 1036.650024
 248.372579 1036.650024
 249.372480 1036.660034
 250.372381 1036.670044
 251.127702 1036.670044
 252.127603 1036.660034
 253.127504 1036.660034
 254.127405 1036.670044
 255.127306 1036.680054
 256.127207 1036.689941
 257.127108 1036.670044
 258.127009 1036.670044
 259.126910 1036.660034
 260.126811 1036.670044
 261.126712 1036.670044
 262.126613 1036.689941
 263.126514 1036.680054
 264.126415 1036.689941
 265.126316 1036.680054
 266.126217 1036.670044
 267.126118 1036.660034
 268.126019 1036.660034
 269.125920 1036.680054
 270.125821 1036.680054
 271.125722 1036.680054
 272.013138 1036.689941
 273.013039 1036.689941
 274.012940 1036.699951
 275.012841 1036.709961
 276.012742 1036.719971
 277.012643 1036.709961
 278.012544 1036.689941
 279.012445 1036.689941
 280.012346 1036.699951
 281.012247 1036.699951
 282.012148 1036.719971
 283.012049 1036.729980
 284.011950 1036.719971
 285.011851 1036.729980
 286.011752 1036.709961
 287.011653 1036.719971
 288.011554 1036.750000
 289.011455 1036.750000
 290.011356 1036.750000
 291.011257 1036.729980
 292.011158 1036.729980
 292.988247 1036.719971
 293.988148 1036.709961
 294.988049 1036.709961
 295.987950 1036.719971
 296.987851 1036.709961
 297.987752 1036.709961
 298.987653 1036.719971
 299.987554 1036.719971
 300.987455 1036.709961
 301.987356 1036.709961
 302.987257 1036.719971
 303.987158 1036.719971
 304.987059 1036.729980
 305.986960 1036.780029
 306.986861 1036.750000
 307.986762 1036.780029
 308.986663 1036.800049
 309.986564 1036.790039
 310.986465 1036.819946
 311.986366 1036.800049
 312.986267 1036.800049
 313.678563 1036.800049
 314.678464 1036.819946
 315.678365 1036.829956
 316.678266 1036.859985
 317.678167 1036.819946
 318.678068 1036.810059
 319.677969 1036.810059
 320.677870 1036.819946
 321.677771 1036.819946
 322.677672 1036.819946
 323.677573 1036.819946
 324.677474 1036.819946
 325.677375 1036.819946
 326.677276 1036.819946
 327.677177 1036.819946
 328.677078 1036.829956
 329.676979 1036.829956
 330.676880 1036.810059
 331.676781 1036.810059
 332.676682 1036.810059
 333.676583 1036.810059
 334.586464 1036.810059
 335.586365 1036.810059
 336.586266 1036.880005
 337.586167 1036.880005
 338.586068 1036.890015
 339.585969 1036.890015
 340.585870 1036.910034
 341.585771 1036.949951
 342.585672 1036.910034
 343.585573 1036.859985
 344.585474 1036.859985
 345.585375 1036.859985
 346.585276 1036.839966
 347.585177 1036.829956
 348.585078 1036.810059
 349.584979 1036.790039
 350.584880 1036.810059
 351.584781 1036.839966
 352.584682 1036.839966
 353.584583 1036.819946
 354.584484 1036.829956
 355.366659 1036.829956
 356.366560 1036.839966
 357.366461 1036.849976
 358.366362 1036.869995
 359.366263 1036.869995
 360.366164 1036.890015
 361.366065 1036.849976
 362.365966 1036.880005
 363.365867 1036.890015
 364.365768 1036.869995
 365.365669 1036.869995
 366.365570 1036.880005
 367.365471 1036.849976
 368.365372 1036.829956
 369.365273 1036.859985
 370.365174 1036.839966
 371.365075 1036.890015
 372.364976 1036.819946
 373.364877 1036.880005
 374.364778 1036.869995
 375.364679 1036.859985
 376.196292 1036.859985
 377.196193 1036.849976
 378.196094 1036.859985
 379.195995 1036.839966
 380.195896 1036.859985
 381.195797 1036.859985
 382.195698 1036.880005
 383.195599 1036.880005
 384.195500 1036.890015
 385.195401 1036.880005
