356144.25030529,4952139.07502326,1
356148.0617879,4952131.89747196,1
356164.09373123,4952118.53714004,1
356177.82603916,4952102.68317759,1
356187.70382946,4952084.3449137,1
356192.3183779,4952064.02571785,1
356194.29509773,4952043.39911287,1
356206.65024244,4952027.22474,1
356217.23333166,4952009.12073345,1
356230.14562105,4951992.74156195,1
356240.24438381,4951974.52278316,1
356241.1357721,4951953.97484373,1
356247.20172469,4951940.87215267,1
356252.66788354,4951920.85160631,1
356260.06238269,4951901.3189976,1
356261.89746873,4951880.42431752,1
356266.19178704,4951860.18455442,1
356275.18307107,4951841.30871968,1
356280.72199249,4951821.28031859,1
356286.00612108,4951801.13207835,1
356288.93806552,4951792.59593384,1
